===========================================
New Experiment from 2018-01-18T00:39:04.064076
-------------------------------------------
J^z = 0, L = [2, 3, 4, 5, 6, 7, 8, 9, 10, 11, 12, 13, 14, 15, 16, 17, 18]

-------------------------------------------
L	E/L	M	M^2
2	-1.0	2.22044604925e-16	0.25	
3	-0.5	-0.0577016031909	0.064099465603	
4	-1.41421356237	-1.66533453694e-16	0.125	
5	-1.30901699437	-0.108644475921	0.0520144833459	
6	-2.0	-6.24500451352e-16	0.0833333333333	
7	-2.02445866976	0.0761381894986	0.0620528843618	
8	-2.61312592975	6.51388665544e-16	0.0625	
9	-2.7057370639	0.0394781935641	0.047602004728	
10	-3.2360679775	-2.80103896526e-16	0.05	
11	-3.37102225339	0.0553812208569	0.0407098388192	
12	-3.86370330516	1.38777878051e-17	0.0416666666667	
13	-4.02757822502	-0.0349545045182	0.0319083971152	
14	-4.49395920743	-4.86769626825e-14	0.0357142857143	
15	-4.67885765349	0.0176164928151	0.0296728064253	
16	-5.12583089548	-8.22590021387e-12	0.0312500000006	
17	-5.32670736427	0.00952534966137	0.0263209521984	
18	-5.75877048314	3.3810844749e-16	0.0277777777778	

-------------------------------------------
Correlation function
0.25
-0.102356288511
-1.35525271561e-19
-0.0123456790123
-1.86686061575e-18
-0.00525953145383
6.22060996464e-18
-0.00349529114639
-7.31836466428e-19
-0.00308641975309
1.55583011752e-17
-0.00349529114639
2.38524477947e-18
-0.00525953145383
-3.36102673471e-18
-0.0123456790123
2.15105711021e-16
-0.102356288511
-------------------------------------------
===========================================

===========================================
New Experiment from 2018-01-18T00:39:04.064240
-------------------------------------------
J^z = 1, L = [2, 3, 4, 5, 6, 7, 8, 9, 10, 11, 12, 13, 14, 15, 16, 17, 18]

-------------------------------------------
L	E/L	M	M^2
2	-1.5	-1.11022302463e-16	0.25	
3	-0.75	0.0242997016721	0.0914332338907	
4	-2.0	0.0	0.166666666667	
5	-1.86803398875	0.0414713607029	0.0845053978998	
6	-2.80277563773	-2.77555756156e-16	0.129558349685	
7	-2.85517925685	0.103491037166	0.0756609283579	
8	-3.65109340894	-4.22006180001e-14	0.107556582893	
9	-3.79729978394	-0.126852064746	0.0554981786337	
10	-4.51544635449	-1.31838984174e-15	0.0927133317442	
11	-4.71893636252	0.109270453573	0.057410915911	
12	-5.38739091745	5.89804819177e-17	0.0819090530625	
13	-5.62958432974	-0.0955164440232	0.0474111065039	
14	-6.26354953355	1.73472594179e-17	0.0736362490821	
15	-6.53366757247	-0.100883557	0.0437554047115	
16	-7.14229636062	8.13151629974e-18	0.0670672423169	
17	-7.43352016529	-0.0475930553513	0.0414117530289	
18	-8.02274908703	4.18860556083e-15	0.0617059493331	

-------------------------------------------
Correlation function
0.25
-0.148569427538
0.0615126842314
-0.0523654397462
0.0369676145992
-0.0347252674952
0.0286214703643
-0.0285601323007
0.0255750028043
-0.0269130098389
0.0255750028043
-0.0285601323007
0.0286214703643
-0.0347252674952
0.0369676145992
-0.0523654397462
0.0615126842314
-0.148569427538
-------------------------------------------
===========================================

===========================================
New Experiment from 2018-01-18T00:39:04.064348
-------------------------------------------
J^z = 2, L = [2, 3, 4, 5, 6, 7, 8, 9, 10, 11, 12, 13, 14, 15, 16, 17, 18]

-------------------------------------------
L	E/L	M	M^2
2	-2.0	5.55111512313e-17	0.25	
3	-1.0	-0.159781731034	0.0300727563219	
4	-2.73205080757	-3.33066907388e-16	0.197168783649	
5	-2.52535784733	0.177136637804	0.103666556562	
6	-3.85577250664	-6.93889390391e-16	0.176065874889	
7	-3.88473568403	0.0868860298309	0.0817529534915	
8	-5.03942870395	-1.77658235345e-13	0.164681904132	
9	-5.18691851049	-0.148608560168	0.0664919005845	
10	-6.24458365621	4.4408920985e-16	0.157764032387	
11	-6.4631665235	0.136211064417	0.0709470414405	
12	-7.46011737551	2.19410932073e-15	0.153287146854	
13	-7.72559629959	-0.156399485672	0.062322213453	
14	-8.68152048501	6.93889392138e-16	0.15027532332	
15	-8.97985039565	-0.140216674001	0.0608651325927	
16	-9.90658550052	3.63603461576e-14	0.148192474464	
17	-10.2288992127	0.0221088032785	0.0609363955025	
18	-11.1340906307	2.36327545682e-15	0.146718395838	

-------------------------------------------
Correlation function
0.25
-0.196704336877
0.146576563131
-0.140756278034
0.133098725913
-0.131223398389
0.128598046877
-0.127985548799
0.126959445352
-0.127126438347
0.126959445352
-0.127985548799
0.128598046877
-0.131223398389
0.133098725913
-0.140756278034
0.146576563131
-0.196704336877
-------------------------------------------
===========================================

